SIZES
  narena                13631488
  nbuffer               7600
  nplugin               0
  maxuse_stack          1760
  maxuse_arena          33560
  maxuse_con            9
  maxuse_efc            23
  solver_nisland        1
  ne                    3
  nf                    0
  nl                    0
  nefc                  23
  nnzJ                  92
  ncon                  9
  nisland               0
  threadpool            0

TIMER
    0:  duration =  0          number = 0
    1:  duration =  0.042      number = 1
    2:  duration =  0          number = 0
    3:  duration =  0.032      number = 1
    4:  duration =  0.0015     number = 1
    5:  duration =  0          number = 0
    6:  duration =  0.0065     number = 1
    7:  duration =  0          number = 0
    8:  duration =  0.0032     number = 1
    9:  duration =  0.0007     number = 1
    10:  duration =  0.023      number = 1
    11:  duration =  0.0045     number = 1
    12:  duration =  0.0001     number = 1
    13:  duration =  0.0029     number = 1
    14:  duration =  0.019      number = 1

SOLVER STAT
  solver_nisland = 1
  solver_fwdinv =   0         0       
  ISLAND 0
    solver_niter = 1
    solver_nnz = 16
      0:  improvement =  0           gradient =  1.8e-14     lineslope =  3.3e-29 
          nactive = 6   nchange = 0   neval = 2   nupdate = 0

ENERGY =   0         0       

TIME =  0       

QPOS
   0       
   0       
   0       
   0       

QVEL
   0       
   0       
   0       
   0       

QACC_WARMSTART
   60      
  -4.7e+02 
   76      
  -69      

QFRC_APPLIED
   0       
   0       
   0       
   0       

XFRC_APPLIED
   0         0         0         0         0         0       
   0         0         0         0         0         0       
   0         0         0         0         0         0       
   0         0         0         0         0         0       
   0         0         0         0         0         0       

EQ_ACTIVE             1

QACC
   60      
  -4.7e+02 
   76      
  -69      

XPOS
   0         0         0       
   0         0         0.15    
   0         0         1.2     
   1.4       0         0.15    
   1.4       0         1.2     

XQUAT
   1         0         0         0       
   0.71      0         0.71      0       
   0.38      0         0.92      0       
   0.71      0         0.71      0       
   0.92      0         0.38      0       

XMAT
   1         0         0         0         1         0         0         0         1       
   0         0         1         0         1         0        -1         0         0       
  -0.71      0         0.71      0         1         0        -0.71      0        -0.71    
   0         0         1         0         1         0        -1         0         0       
   0.71      0         0.71      0         1         0        -0.71      0         0.71    

XIPOS
   0         0         0       
   0         0         0.5     
   0.35      0         1.5     
   1.4       0         0.5     
   1.2       0         1.4     

XIMAT
   1         0         0         0         1         0         0         0         1       
   0         1         0         1         0         0         0         0        -1       
  -1.4e-17   0.71     -0.71      1        -1.4e-17   0         0        -0.71     -0.71    
   0         1         0         1         0         0         0         0        -1       
  -1.4e-17   0.71      0.71      1        -1.4e-17   0         0         0.71     -0.71    

XANCHOR
   0         0         0.15    
   0         0         1.2     
   1.4       0         0.15    
   1.4       0         1.2     

XAXIS
   0         1         0       
   0         1         0       
   0         1         0       
   0         1         0       

GEOM_XPOS
   0         0         0       
   0         0         0.15    
   0         0         0.65    
   0         0         1.2     
   0.35      0         1.5     
   0.71      0         1.9     
   1.4       0         0.15    
   1.4       0         0.65    
   1.4       0         1.2     
   1         0         1.5     

GEOM_XMAT
   1         0         0         0         1         0         0         0         1       
   0         1         0         0         0        -1        -1         0         0       
  -1         0         0         0         1         0         0         0        -1       
  -0.71      0.71      0         0         0        -1        -0.71     -0.71      0       
  -0.71      0        -0.71      0         1         0         0.71      0        -0.71    
  -0.71      0.71      0         0         0        -1        -0.71     -0.71      0       
   0         1         0         0         0        -1        -1         0         0       
  -1         0         0         0         1         0         0         0        -1       
   0.71      0.71      0         0         0        -1        -0.71      0.71      0       
  -0.71      0         0.71      0         1         0        -0.71      0        -0.71    

LIGHT_XPOS
   0         0         3       

LIGHT_XDIR
   0         0        -1       

SUBTREE_COM
   0.7       0         1       
   0.2       0         1.1     
   0.35      0         1.5     
   1.3       0         0.95    
   1.2       0         1.4     

CDOF
   0         1         0         0.92      0        -0.2     
   0         1         0        -0.083     0        -0.2     
   0         1         0         0.8      -0         0.12    
   0         1         0        -0.2       0         0.12    

CINERT
   0         0         0         0         0         0         0         0         0         0       
   25        27        2.7       0        -6.4       0        -11        0        -32        57      
   21        28        8.2      -2.9e-16  -11        1.2e-16   11        0         32        74      
   18        19        1.3       0         3.2       0         7.1       0        -26        57      
   15        19        4.4      -1.6e-16   6.3      -6.5e-17  -7.1       0         26        57      

CRB
   0         0         0         0         0         0         0         0         0         0       
   45        55        11       -2.9e-16  -17        1.2e-16   5.3e-15   0         2.1e-14   1.3e+02 
   21        28        8.2      -2.9e-16  -11        1.2e-16   11        0         32        74      
   33        38        5.7      -1.6e-16   9.4      -6.5e-17  -1.2e-14   0        -1.1e-14   1.1e+02 
   15        19        4.4      -1.6e-16   6.3      -6.5e-17  -7.1       0         26        57      

QM
   1.7e+02   57        0         0       
   57        31        0         0       
   0         0         1.1e+02   28      
   0         0         28        14      

QLD
   65        1.8       0         0       
   1.8       31        0         0       
   0         0         56        2       
   0         0         2         14      

QLDIAGINV
   0.015   
   0.032   
   0.018   
   0.073   

QLDIAGSQRTINV
   0.12    
   0.18    
   0.13    
   0.27    

D_rownnz              2 2 2 2

D_rowadr              0 2 4 6

D_colind              0 1 0 1 2 3 2 3

B_rownnz              4 2 2 2 2

B_rowadr              0 4 6 8 10

B_colind              0 1 2 3 0 1 0 1 2 3 2 3

QDERIV
   0         0         0         0       
   0         0         0         0       
   0         0         0         0       
   0         0         0         0       

QLU
   0         0         0         0       
   0         0         0         0       
   0         0         0         0       
   0         0         0         0       

CONTACT
  0:
     dim           3
     geoms         0 : 1
     exclude       1
     efc_address   -1
     solref         0.02      1       
     solimp         0.9       0.95      0.001     0.5       2       
     dist           0       
     includemargin  0       
     pos            0         0.12      0       
     frame          0         0         1         0         1         0        -1         0         0       
     friction       1         1         0.005     0.0001    0.0001  
     mu             0       
  1:
     dim           3
     geoms         0 : 1
     exclude       1
     efc_address   -1
     solref         0.02      1       
     solimp         0.9       0.95      0.001     0.5       2       
     dist           0       
     includemargin  0       
     pos            0        -0.12      0       
     frame          0         0         1         0         1         0        -1         0         0       
     friction       1         1         0.005     0.0001    0.0001  
     mu             0       
  2:
     dim           3
     geoms         0 : 6
     exclude       1
     efc_address   -1
     solref         0.02      1       
     solimp         0.9       0.95      0.001     0.5       2       
     dist           0       
     includemargin  0       
     pos            1.4       0.12      0       
     frame          0         0         1         0         1         0        -1         0         0       
     friction       1         1         0.005     0.0001    0.0001  
     mu             0       
  3:
     dim           3
     geoms         0 : 6
     exclude       1
     efc_address   -1
     solref         0.02      1       
     solimp         0.9       0.95      0.001     0.5       2       
     dist           0       
     includemargin  0       
     pos            1.4      -0.12      0       
     frame          0         0         1         0         1         0        -1         0         0       
     friction       1         1         0.005     0.0001    0.0001  
     mu             0       
  4:
     dim           3
     geoms         4 : 9
     exclude       0
     efc_address   3
     solref         0.02      1       
     solimp         0.9       0.95      0.001     0.5       2       
     dist          -0.055   
     includemargin  0       
     pos            0.66     -0.1       1.7     
     frame          0.71      0        -0.71      0         1         0         0.71     -0         0.71    
     friction       1         1         0.005     0.0001    0.0001  
     mu             1       
  5:
     dim           3
     geoms         4 : 9
     exclude       0
     efc_address   7
     solref         0.02      1       
     solimp         0.9       0.95      0.001     0.5       2       
     dist          -0.055   
     includemargin  0       
     pos            0.66      0.1       1.7     
     frame          0.71      0        -0.71      0         1         0         0.71     -0         0.71    
     friction       1         1         0.005     0.0001    0.0001  
     mu             1       
  6:
     dim           3
     geoms         4 : 9
     exclude       0
     efc_address   11
     solref         0.02      1       
     solimp         0.9       0.95      0.001     0.5       2       
     dist          -0.055   
     includemargin  0       
     pos            0.74      0.1       1.8     
     frame          0.71      0        -0.71      0         1         0         0.71     -0         0.71    
     friction       1         1         0.005     0.0001    0.0001  
     mu             1       
  7:
     dim           3
     geoms         4 : 9
     exclude       0
     efc_address   15
     solref         0.02      1       
     solimp         0.9       0.95      0.001     0.5       2       
     dist          -0.055   
     includemargin  0       
     pos            0.74     -0.1       1.8     
     frame          0.71      0        -0.71      0         1         0         0.71     -0         0.71    
     friction       1         1         0.005     0.0001    0.0001  
     mu             1       
  8:
     dim           3
     geoms         5 : 9
     exclude       0
     efc_address   19
     solref         0.02      1       
     solimp         0.9       0.95      0.001     0.5       2       
     dist          -0.16    
     includemargin  0       
     pos            0.79     -3.8e-18   1.8     
     frame          0.71      0        -0.71      0         1         0         0.71     -0         0.71    
     friction       1         1         0.005     0.0001    0.0001  
     mu             1       

EFC_TYPE
  0
  0
  0
  6
  6
  6
  6
  6
  6
  6
  6
  6
  6
  6
  6
  6
  6
  6
  6
  6
  6
  6
  6

EFC_ID
  0
  0
  0
  4
  4
  4
  4
  5
  5
  5
  5
  6
  6
  6
  6
  7
  7
  7
  7
  8
  8
  8
  8

EFC_J
   1         0        -1         0       
   0         0         0         0       
   0         0        -1.4      -1.4     
  -1.6      -0.89      0.61     -0.1     
  -1.6      -0.89      0.61     -0.1     
  -2.3      -0.84      2.3       0.84    
  -0.93     -0.93     -1        -1       
  -1.6      -0.89      0.61     -0.1     
  -1.6      -0.89      0.61     -0.1     
  -2.3      -0.84      2.3       0.84    
  -0.93     -0.93     -1        -1       
  -1.7      -1         0.72      0.01    
  -1.7      -1         0.72      0.01    
  -2.4      -0.96      2.4       0.96    
  -1        -1        -0.93     -0.93    
  -1.7      -1         0.72      0.01    
  -1.7      -1         0.72      0.01    
  -2.4      -0.96      2.4       0.96    
  -1        -1        -0.93     -0.93    
  -1.7      -1         0.72      0.01    
  -1.7      -1         0.72      0.01    
  -2.3      -0.89      2.3       0.89    
  -1.1      -1.1      -0.87     -0.87    

EFC_POS
   0       
   0       
   0       
  -0.055   
  -0.055   
  -0.055   
  -0.055   
  -0.055   
  -0.055   
  -0.055   
  -0.055   
  -0.055   
  -0.055   
  -0.055   
  -0.055   
  -0.055   
  -0.055   
  -0.055   
  -0.055   
  -0.16    
  -0.16    
  -0.16    
  -0.16    

EFC_MARGIN
   0       
   0       
   0       
   0       
   0       
   0       
   0       
   0       
   0       
   0       
   0       
   0       
   0       
   0       
   0       
   0       
   0       
   0       
   0       
   0       
   0       
   0       
   0       

EFC_FRICTIONLOSS
   0       
   0       
   0       
   0       
   0       
   0       
   0       
   0       
   0       
   0       
   0       
   0       
   0       
   0       
   0       
   0       
   0       
   0       
   0       
   0       
   0       
   0       
   0       

EFC_DIAGAPPROX
   0.012   
   0.012   
   0.012   
   0.049   
   0.049   
   0.049   
   0.049   
   0.049   
   0.049   
   0.049   
   0.049   
   0.049   
   0.049   
   0.049   
   0.049   
   0.049   
   0.049   
   0.049   
   0.049   
   0.049   
   0.049   
   0.049   
   0.049   

EFC_KBIP
   2.8e+03   1.1e+02   0.9       0       
   2.8e+03   1.1e+02   0.9       0       
   2.8e+03   1.1e+02   0.9       0       
   2.8e+03   1.1e+02   0.95      0       
   2.8e+03   1.1e+02   0.95      0       
   2.8e+03   1.1e+02   0.95      0       
   2.8e+03   1.1e+02   0.95      0       
   2.8e+03   1.1e+02   0.95      0       
   2.8e+03   1.1e+02   0.95      0       
   2.8e+03   1.1e+02   0.95      0       
   2.8e+03   1.1e+02   0.95      0       
   2.8e+03   1.1e+02   0.95      0       
   2.8e+03   1.1e+02   0.95      0       
   2.8e+03   1.1e+02   0.95      0       
   2.8e+03   1.1e+02   0.95      0       
   2.8e+03   1.1e+02   0.95      0       
   2.8e+03   1.1e+02   0.95      0       
   2.8e+03   1.1e+02   0.95      0       
   2.8e+03   1.1e+02   0.95      0       
   2.8e+03   1.1e+02   0.95      0       
   2.8e+03   1.1e+02   0.95      0       
   2.8e+03   1.1e+02   0.95      0       
   2.8e+03   1.1e+02   0.95      0       

EFC_D
   7.3e+02 
   7.3e+02 
   7.3e+02 
   3.8e+02 
   3.8e+02 
   3.8e+02 
   3.8e+02 
   3.8e+02 
   3.8e+02 
   3.8e+02 
   3.8e+02 
   3.8e+02 
   3.8e+02 
   3.8e+02 
   3.8e+02 
   3.8e+02 
   3.8e+02 
   3.8e+02 
   3.8e+02 
   3.8e+02 
   3.8e+02 
   3.8e+02 
   3.8e+02 

EFC_R
   0.0014  
   0.0014  
   0.0014  
   0.0026  
   0.0026  
   0.0026  
   0.0026  
   0.0026  
   0.0026  
   0.0026  
   0.0026  
   0.0026  
   0.0026  
   0.0026  
   0.0026  
   0.0026  
   0.0026  
   0.0026  
   0.0026  
   0.0026  
   0.0026  
   0.0026  
   0.0026  

CVEL
   0         0         0         0         0         0       
   0         0         0         0         0         0       
   0         0         0         0         0         0       
   0         0         0         0         0         0       
   0         0         0         0         0         0       

CDOF_DOT
   0         0         0         0         0         0       
   0         0         0         0         0         0       
   0         0         0         0         0         0       
   0         0         0         0         0         0       

QFRC_BIAS
  -2.6e+02 
  -2.6e+02 
   1.4e+02 
   1.4e+02 

QFRC_SPRING
   0       
   0       
   0       
   0       

QFRC_DAMPER
   0       
   0       
   0       
   0       

QFRC_GRAVCOMP
   0       
   0       
   0       
   0       

QFRC_FLUID
   0       
   0       
   0       
   0       

QFRC_PASSIVE
   0       
   0       
   0       
   0       

EFC_VEL
   0       
   0       
   0       
   0       
   0       
   0       
  -0       
   0       
   0       
   0       
  -0       
   0       
   0       
   0       
  -0       
   0       
   0       
   0       
  -0       
   0       
   0       
   0       
  -0       

EFC_AREF
  -0       
  -0       
  -0       
   1.4e+02 
   1.4e+02 
   1.4e+02 
   1.4e+02 
   1.4e+02 
   1.4e+02 
   1.4e+02 
   1.4e+02 
   1.4e+02 
   1.4e+02 
   1.4e+02 
   1.4e+02 
   1.4e+02 
   1.4e+02 
   1.4e+02 
   1.4e+02 
   4.2e+02 
   4.2e+02 
   4.2e+02 
   4.2e+02 

SUBTREE_LINVEL
   0         0         0       
   0         0         0       
   0         0         0       
   0         0         0       
   0         0         0       

SUBTREE_ANGMOM
   0         0         0       
   0         0         0       
   0         0         0       
   0         0         0       
   0         0         0       

QFRC_ACTUATOR
   0       
   0       
   0       
   0       

QFRC_SMOOTH
   2.6e+02 
   2.6e+02 
  -1.4e+02 
  -1.4e+02 

QACC_SMOOTH
  -3.3     
   14      
   2.6     
  -15      

EFC_B
  -5.9     
   0       
   18      
  -1.5e+02 
  -1.5e+02 
  -1.6e+02 
  -1.4e+02 
  -1.5e+02 
  -1.5e+02 
  -1.6e+02 
  -1.4e+02 
  -1.5e+02 
  -1.5e+02 
  -1.6e+02 
  -1.4e+02 
  -1.5e+02 
  -1.5e+02 
  -1.6e+02 
  -1.4e+02 
  -4.3e+02 
  -4.3e+02 
  -4.3e+02 
  -4.2e+02 

EFC_FORCE
   1.2e+04 
  -0       
   6.5e+03 
   0       
   0       
   0       
   0       
   0       
   0       
   0       
   0       
   0       
   0       
   0       
   0       
   0       
   0       
   0       
   0       
   4.5e+02 
   4.5e+02 
   1.2e+04 
   0       

EFC_STATE
  1
  1
  1
  0
  0
  0
  0
  0
  0
  0
  0
  0
  0
  0
  0
  0
  0
  0
  0
  1
  1
  1
  0

QFRC_CONSTRAINT
  -1.7e+04 
  -1.1e+04 
   6.7e+03 
   1.3e+03 

QFRC_INVERSE
   0       
   0       
   0       
   0       

CACC
   0         0         0         0         0         0       
   0         0         0         0         0         0       
   0         0         0         0         0         0       
   0         0         0         0         0         0       
   0         0         0         0         0         0       

CFRC_INT
   0         0         0         0         0         0       
   0         0         0         0         0         0       
   0         0         0         0         0         0       
   0         0         0         0         0         0       
   0         0         0         0         0         0       

CFRC_EXT
   0         0         0         0         0         0       
   0         0         0         0         0         0       
   0         0         0         0         0         0       
   0         0         0         0         0         0       
   0         0         0         0         0         0       

